0000000 annuo. 63

00050 30100 1110 00 50000, §to 000003000000300110500 335
0011000100 0003 051101, plemeniti 000000 31300οε
5005 0050051, 010150 manu, 03010030 000 rod veliki,
5103010000 11011301 esini. 300 51 103 00010 0000300000,
’ 310101 pojat 0101100 0010, epota 00 0 grad priki
310ὄο 3101101 10011, gdi 0000 10 010050 00011 3οι·0; 340
0 prilioi 0013030 gusta i iur 50100 0 dno 10000
0300 101011 1100500 000ος (10 00310110 0005 0001001,
10031100 00 0 000010 305 0013010105ομ posrod dvora
001 dar 501131 kapit 11011, 0105000001 00 1100050οι 01001,
50010 110301 0100011010, 3111 0 3003101050οι 00110100οι 345
515 00100500] 51 aemiuli. 001305 11000110 00000 primi,
Za 11300] pjeva, 5050 modu 1010500101 1 0 00110010
00013001 brdim 103 31001011 310 000 (1010001 0300000 01001

ἶ 000 puk 0011 000100 10110 Svi 51030001 mimi 0001ος
, 10000330001010000001; sam 00 ,10010 0010100 euti, 350

had 00 011130 001305 00 030110, 011510 5030 0001100 53010
od 115150 311 1003010 0113001 01100010 5000151011.
10031 hamon udron 00110 315 Κο10101100015 1100 (100000,
histro 001101 10500οι 00005100 30100 5011,
tim 00 kupi 0005 0 3030 (1000513000 iprikorno 355
050 vira 510100 1 0100, 00030 1011030100 prije 100011
ter 000010 pije 00030, U 10 510 5105 00510011 ’
1 510111 00 1001100. 320 10000 0 00030 0050 001100,
Nuda 000 00 00 00001110 51 00000100 0100101 1113011
03000 500111 50010 010000, 00031300] druzim pridrazima: 360
51 000110 513010 miro 000 30113010 01030, pravi,
0011005030 300110 010000. 51030310 ga 0 pravom 00130011
Prvi on 03001111 00001 325 00 (1003511303 00105001

; 1130ρο od 51130 0000 01000, ’ 1001150 0010 10011.
3 ivladaocu od 005001 Ζ10100 3010 puk 00 1130100, 365

ἱ 103 3015000 51010 dare: 50130001010000000110100,

tad 0011000 1010 0100 0 malo 0010 001301001100

1 pokloni mu i kruh bili, 330 0101151300] vinom 00000100,

5030 (13010 001 000 ina 5010501100000001000

0001111110 0050 010111. duva popit 0013001 30110050, 310
(lin 0101030 0 pomnijem uhom 100 30101000 1 0101000

ἐ 000030 3010110100ηο 1 0113000, 5103 5003031 51001 000501

311. 1011031030 35510] 10ος 00510011] 0010101011.

 

