210

’15515 1555 putom 5515,
5151513551 1155551 55535155
1553535 mu vojovode
povijedamo 51551 5515551

11555 55135515] 15 1351155565
55 5 555155 53515 55135555
1 prid 553555 11511555
5555555115 51555 ime,

i 55 53515 5515 515535,
da 65 51155 31555ιί11
1 5555 5553565 55535 555535
555 155551 515551111,

5 5535515 55151555
51 551155 5515 5515
3553155155 5511355 51555
5555515555 na 5 555515,

ter 51515555 5515555535
55555115, 15 35 umori
vrhu 55155 5511515535
na 5155553 55551553 3551; 580

1 5555 55 3155 3555515
53515 55551355 551 1151555,

15 35 55 opet 551515,
1 555 31551515 555 151555,

5555 mi 55 5515535555, 585
535555 ludi 511355 551155,
15515 bole 5555555555
5155535 35555 151155.

05 5515311 11355 5553515,
ni 551 15111 51555 55551,
5531151 putom 355 5535513515
5135555 nam 1555 555511

Ka 55555551, 5535 5115,
5535 1135555 555 555535,
55 5355555115155 1115, 595
55 5555551 551513555351

11135 11 bilo od potrebe,
15 155555, 51 35 515 5551,

510

515

590

= 615. 55551515] 5555515555.

mmm [mm 1 lm.

55 551355 51551 sama 5555
na prilutu 55551 35511551,

1 15 55555 5553551 5551
put ιι 553555 515555 515555,
311 15 55561 55 55335551
1 555 55 51155 151515555551

1113511555313555 5511555155 605
55 515515 5555 55511,

15 55 555 555 535111 ima,
55 5155515 151555 dati?

Spomenivam 35 55 5515,
1515155515 555565,
535151555 posted 35515
555115 55 5 151555 51515.

I 555 51351155 155 5513511155

600

610

51555 obitu 55 51513515,
153 51, 55115 5 55551555 615
555315511 35 55 55113515.
Ali 55 35 15555115 ,
15 5553515 551 55355555,
15135 555 privarilo,

355 5551355115, 5515 515535. 620

Evo 55515, 51555511
11355 51553551 551 555 551515,
15511355 plotom 155 35 5535511,
15 55 ι1 5513551 55 navale,

pak 5565 555115 5551155 625
355515 51535 5 551515,
1 55155555 5551535155,
15 1351155 5535115515,

55 1555515511 515115,
555 55155, 555 5551535, 630
5551115555 55355115
551 3515535, 551 1553535. -

Tim najposlije 55535 5155
55515 55555 1511 5155551,
35 15 1555 515 551155
5555151 55 1551551,

635

 

