202

Za 10011001 00 000 61101061 665
iz 11110060 011000 6111060
k 0101011101 1010101 01061
000010110 00030 0111060
0106006010, 0106061000
06 001010001101111060 0060, 610
01 10610100 00 1110011000
06 00010000 01060 01060.
1106011 60610 prvi 6061,
11 za 01010 00010 61010
1011010 00 00 0106061
0 006000 dignut 6010.
Ζο 0110 01011001 000111
1 11101001 0001111060,
6110111010 11101000 10000001
1100001111 glavu 011060. 680
Ζο 1110100101 11101111οῐ0 106010
160 1061000 610160 001010,
10 10001010 000 600106010
0106060110 svoga 110010.

615

Ζο11101010 010 106 001, 685

11106 00 grijehe 00 00111000

6111110100 usioni

dno 1110110011 00010 0111000,
0 to 1010 10101 010010

06 0106060 00 1100110,

neg 0106οο1ςο 0106 0110060010

0 ogfiu 0106οο10 6010001111.
Κ101 1110111011 0001011110

6060 06 110110 00 00010 61016010

690

mum nmen 1 DVA-

00610010 01000110 695
0 101010 01006010, 03011010 1016001,

606111οῐ0 601001 00016061
010601 011011 1 00111001
101, 11 bogu 1110110061
00 010100100 11οςᾱο 001001. 100

U to 00010610011010
61010110 000 0 1060011
00 1001010, 00 000010,

00 0010010100 6001110011.

Ι 6110 gredu 1 01011010
00 6101000100 101010 1111100,
0 glas 100600 1111ρί100010
00010 1 010100 110ςο 1010.

810600 6010, 10101101011
0 0106001 601011 01001, ἡ 110
gdi 00 mogu 0060 010111011,
gdi 00 01100 110101 pravi!

100011 00, 106 11106060,
1100101010061080 1111010,
(101011110οῐ 010111 0611060
0 11001001111010 0610011110.

Ρο60 1 011111 00611 60011
06 000010 biljeg 6010,
1101010101 001100601011,
1101110600 11111 11106010.

Ρο1610010111 6110100010 ·
uz drag 10601 0106011011 ptius,
i, 10 61010 iza gora
00110110 110110101, 600100

105

115

120

..κ-...Μ

1111111111 11110611 1 lm.

(111001 00 61010 106 0100110
po 0100011011 011000 6100,
11061101 daniz 101010
1110011010 00600 101100,

1106 00600111061061011,1 5
11606 601010 0111100011 ’

0001 1061001 010111161ος1
0 6001011101 01101 puti,

06 1103000 111010, 1010 ”
clo 01001000 61010 10ςο 10
1106101000 00 0001010
11060 1 001060 0011010 00010,

 

