152

Ρο010011010000010010, 405
00 0100000 00 011 01000
0100011011, 1011 hine i 1010,
gorci 0 arcu, medni 0 00000,

11000 0111000 00010 010000
10000110 011011 00010 410
puni himbe 11000000,

0010 rane, 00 10 010010.

1111000110 prave 00110011,
er ’01000000 010001 0110,

10 00 00101100 00 00 10110011, 415
dugo vrijemo ku 00 0010110. Ι

00001110 0 p0m1'10m 001
00 1011100 300000 0011οε
00010 pogled smrt 000001,

010010 1000101, 0010 1110 420

00 0100001101 1 0010011011
0000110 00 0000 10010000
1000000 10011 0001001 001101,

11 0110 10010, gorko 01000.

Malo 010000 govorenjo 425
1001010011101 100000 usti:
pravoj 0011000 10110010
1011001101 bog dopusfi.

Novi 00010 0 110011
1 0010110οἰ 00 1010100
00101110 001 0010010,
10000110, 010 1010111001

,1010 3111010100 01000ςο
11 god 00 0 000 trag 0010001,
oper'to 00 00 010 toga 435
0 mogut'zoj 0000010001.

10, 1ο 010101 vir 1001001,

0000 vam 00 00001 00010,

0010 00 000 01010001

01001 00 ςι1101100011011 000010.
Na 11000000 1001 10000001

430

10010 100000 1000110001ωο
001 101101, 11010 10001,
00 0300110 1010 11100.

mum 00000000.

Svi 000011 10010 0 mim, 445
00 000110 erebra i 01010,
me 10110011 0101001 viru
pravo 10 0000 puna 11010.

00010 00 01001 011000,

10 001001 0011 0010,
00 ovi 00010 101 00 011000,
Roga 00 100 0110000 00110.

00010, 01100 ¹kral¹ 000000,
000 mi ovo 000010 10,

00 10 101100 jezer prave,
00110 100100 011001 10010.

Na ovi 00010 010010000οο
00100010ςο 1001001010,

1 0001010 10111 000
00110100010110 0010100010 460

00 0 0011001010 1001011011 01000,
neg 0 0001110000 0000110100,
00100, 00010 00100 0000
00 00 0 1001001 00101100οε

1111111 00010, 000 moga& 165
0100011010 00 0011011001,

11 00 nebu 1001010οἰ,
100 0001000100 010001 00001,

000 110000 010000 100ςο
000001100010010 0110, 470
00 1001000100 0000010ςο
00101 000 00100110.

800 00000010 1000 00001,

1 100 ispuni 0010 00010,
10100 0 0010101 slavi geri, 475
1 00 umrlom 1010 0011010.

’1001 00010001 1001] primili,
ki 10 010010 0010 10000,

0010010 nam 10010 00111

101ος0000οο 00101 dana. 480
Ζ10 nam prosti‚ 10 0101100,

01 00 rad 1111] 00 000 50101,

1010 10011011 mi 0101100

0011010, 11 00 nami krivi.

450

455

 

