„⁴ < 222
112

011212 toga 12 2222212211,

¹ 21112 12122122 222121 22212, 90
2221212 2222 121122211

ζ. “ 12 21112 2222 2122121 222212,
gfff-³ 2212121112, 12 22 12212
’Ϊ’·’ - 1221121232121122221 22112211
‘ u 211212222 1211222 12212, 95
2122112121 21121221 12211.
Ι 121 122111212 1211 k 12121
2 122122 2211212 umrloga,

212212 2222122121 22211

211222 (luha prisvetogn, 100

2212 21 21212 121211211221
2212 122121 2112112
12212 12121 2 222211221

’ 1 21112222 2112 122112,

1221212221222122222, 105
2 2211212 12211121 122221111,
22212 112212, 2221211222
ne 11212 2212121111.
Κ2 122212111 1221212 12
212 21212222 221212 212222, 110

, noge i 2212 1212 22212

1 12212122 22 21112 2222.
Κ212 12221 1222121222,
21122 121212 12222 11212,

· 1212 12212 22 222111222, 115

111222 12221222 bi mu 1212,
1212 221212 222 2122222222
2112211212 22212 222211,
122 1221222222 1221211222
2222112222 22221 221211.
Cu 2222112212 2221222122
12112 2121221222 1212221,
1 122ςί 222 22122 12212,
1212211122 ter mu pravi:
012112211212122 22212, 125
2221 1222212 drag 121121,

120

109. ko] 122.

22222222 2222222 ι 1222222.

112 12122212 1222112212,

222 12112222 12 22 21121.
’12211122 12221221221222211222,
11121222 1222221 2211212 112222, 130
12222 1212222 212212211222
12122 2222 2212111222,

12 21212122 22 12 1 22 222,
1221221 2 22121 222121 21221,
1221221212 21122 plume,
1211122212, 2212 2211221,

1 21 2221282112212122
12112212212212 122212,
2212221232 12212 21 12122
2222222222 2122222 221 1221212140

22112211 1221212 12112112
121 22 22122121 22 222 22 12,
222 22222121 211212 12112,

222 2218222 1212121 222212,

1221222221 2222121221222 145
2 pogrdi 2221121222
2221222 122122 1 11221222
1212211112 122 221222.

’1212 312221 2221 2122121
ime 12212 122 22222 22112, 150
211212 2122211 12211 2222221
22 12 21112 221122 1222221112,

22 2221122 21122112,

22 221122 21222 12211212,
22 1221122 22122112,
22 21122212121222 211212.

135

155

Sve 12 222112111222 22221222
121 21112 211211222121 12122,
1221 221221222, 122112121222,
1221212222222, 1211212122. 160
822, 112 12 2122212222 1221
8221221222 2
Persi, 222, 22222122,
2 22121112222 121 22221222
22 2112122221 Ι21221221,

 

