’“ ’,Γ :W
Ι ¹!
ι

U bogatom 5151115155 155151155115531111, 115 Ῑ
1 5 51515 51151555 151115 1111 ogas] planu.
janam gledo 5155551155 Ι 55 155851 115115 iudi
5155515515111515155551 140 15151551115155111515,

55 11511555 gdi 55 pali, 15551 515115 55151155 1511
155155515551 5 155515 put Β5115155 51115155 1515, 100
1115151515 515 11111511 15 51511555 51 111515,
515155 51511155 5115511515 11515 151151 5115 ο 51115115,

dragu pomae ko 1511115, 145 1511551515 1551 11551515,

115115 bogu 1515155 15551, 15 jednoga 15 1155115115,

115115 511151151 1511115 15 5 1511115 15515 51515 185 j

kralu od 51515 poldon jasni3 151515 111515 5515 pasti, !
gdi pogledom 1515111155 511 115155 151151 5 povoju

55555115 15111515 11551, 150 1551515115 551515 15511.

blagom slikom ter 51151511, 11515111 glasnik 5 gar 11551551

111515 mu nudari 11551. 15551 5555551511111115551 190

U to sluge 1 11515151, 55155, 15151, 5115 551551,

511555 1555 55 111155 51515, 51 smrtnoga 51511 1151555.
5515115515111151151 . 155 8115511515 51511551 1551115 515155,
prid 1151115155 1115 1511515. ku ti 111111 drugu 511511,

Ζ151511551551115155511555 5 egipsku 5551515155 195
55 5515 515155 551 551115 5115 1 51115155 551 511511.
51511155 gospara k01'10 1551555, Tu, 55 15155 15151 5151511,
ki od radosti 511515 1155. 160 555151, 11115 1515515151,

1511551111 51515 5515, 151115 15 11 151551 1511,

51515551 11515551 1115115 51115515 15 55 55 dom 115111 55151; 200
515151 15511 5 155515, 51 51115151, glava prika,
15 5511555115 551515 15515. 5511551555 15511 1555,

15 11511515 5155155155 165 1115511511511 1555155151151,
glas 55555111 51 1115 15 55, 1515115 1515 15 pogubo.

15 k Jerudu nemilomu 11511151 515 1555 badim, 205

110 11511551 5111155515.

 

1151151111 55 5515 55, 1551151551151115 predam,

15115515 51115511511513551515, 151 grem k 155151 58155551 1151151,
51515155111515111155, 110 1511151115 151 515 5151115155.
11151115 55 11551155 putom Ah, kako se 1151511515
51511555 1115151155. 151 15111515, 115115 551511, 210

Κ51 5115111 11151 55551111 51 put 15555, 51 put 111515
11115 515 11151 55153555, 55 551151 55 obrnuti!

145. 151155] 15115115. 212. 5515511] 55151111, 555 elika 1511 ne 55515 5111.

 

