116 mmm 6666666666.

11616 6111616 nvom 66616 186616 66 prem 161611, Ι

111166661 poglede. 600 66 6 616 16116 66 611666, 640 ι
Ne mogu 66 66316666 166161 mu 66 6661161, 66 66 ²

6616616666, 6611611161 661, 1666 66 trago 616 6616666,

6 11161 pazo 1666166611 66 66 111 616116 6116616 66,

616366 66666 66 161611. 66 na 61116 6661 66 sarno.

Η66161161116666161661, 606 Ali 66 6 66611116 61666666 641
16616 116666 661161 61666611, 6616 gore tvrda 1111,

16 1161616 11616 6 6611661 66 nodi 661616651666,
1666611666 666 1116116611. 6616 166116 1616 66111,

(161 godi 1166161666 6636611611 pravoj 6116
6166116 66616 6616, 610 166 66 6186611666 61616, 660
6666 666616 1166161666 1 66616166 16616 1 6116
161666 11 66 66611616ς kripos ne 16161 66616 ιι deba

616 flegon svega 1116, Ροόο rigat 16166 11616
1666116661666616 611616, 1166, 11 usrcu 66666 skupi,
prava 6666 draga i 16116 616 66 16166611 166 no 11616 651
161616 16166 1616611616. draga odhrana moja stupi‚

8666 6666166 161 661666 161· natavi 66616 616616
modu travam priprosnima 16166 611166 blagodarnu
rumen 661661161116666 histro vodo 16 6666616 a
11661 66 666 6611616 11166ς 620 6 6616666 vina 616666. 060 ,

166 11666661 dmgi 16161 Δ 16 or 11611 61666 66666 3
16616 61616 6 [661666 6 6166616 majkom 66166111,
nvom ljopotom pogled mami iu 6661116 11666, plodne
1666166 plamu ogfienu. (1611166 grad stupui,

06 6666666 prem ovega 625 1161616 drago od 1161161616 665 γ

probudi 66 1 podignu tu primjeni 16116 6666ιί,
16166 prva 616 661636, 11 6116661616 pun 666616
16 666 11666 6666 611366 66616 166666 66 66661.
er 6616616 611616 1666, On 6666666 6666 1 1166
16166 1111166 11611 6616, 630 16161 116 66 661166 more, 610
16661616166 31666 66 gradu 11616 mnoge poglavico
61661 6 16116 666616 1 616666. 6 nami 66666 66616 6 66666.
8 toga 6 161161 111 11661611 81666 6 miru blagovati
6661 dan 1661, 6661 dan gori zbor 6666661161 661161 1166116,
po& skrovni plam gorjeti‚ 635 i ιι 6666616 66ρί1611 676
1166166161 6666 616661. plemenitijeh vjerenika.
66, 16 61616 111 616611 Ρο1661666ι 161 ne 11616
661 1616666 61616 6666, 66661116 61666 pirna,

 

