164 mmm 0005505050.

0155555, 5555 5100 nemore ’11 50 imbelle tngo i 050000
51 5505550150 55151011 15530 5 3510503 55153 pati, 610
550555 505510, 51050 more, 50 01555050 503050 05050
51 5050051 15551 510111 551505 105305 15 00 55511.

Ti, veliki 1510 05011, 645 Mi tvu 35505 50 05055555,
5505 155 5055015115 i bhgu 1055001510 5155015551,

510303 015553 prem 5015011 neg 10 55130015 0501 5513010555,
015555115 50153 snagu. 5511 01505015055551. 616

(113055 53050530 055 0111155 850110 55510 5511005110

0 mom 5515οο11 malo 355055, 650 150 51 5010 555 05130011,
0551 05010 mene vidim 101150 05 5 515 15010
051301 50551505 05513055 55505055, 1 00115510 5510 05130011. 680

gdi 05 55130510 5015555110, Τί 5515151155 510155
gdi 30 50555110 5555 0551051, 50 5001050 55 550 5511,
gdi 505005 51515 1 05110 655 mi 5150550 5505 551155
1 5050051 051 1505551. 55500111 i oholi.

Ah, 3553051 0155 5051, S branjenoga mi 550 010555
530150 05550, 5050101151, 015150 055011 jur 355550, 686
50 5031 05 553 5011011, 1155 1015055 55115 150550
55 10150153 11305 55151511 660 55 550 55151301055150 50550

11050 3511, 513051 5130 55530, 11511 toga 001 5511 050,
5555 500 51 50515111, 051 prid ovo gre! 55101530, 690
5 15 30 515050 51055 15035, 50555, emnem 50555555,
501 505035 015151, mili! 011 0 drago 15030 503ος

11050 501535 5055550155 665 1 11, 551 hog, 553050 1150,
055 51 015055 5110 55130, 51 101 500 05130110105116,
neg 00 55 55 55530 30155 5055050151305 010115155 695
11010 5551 150 55011301 55155 051305 15511 biti.

...——----

PJEVANJE osfflffls'ro.

1101 ban 51130 51 Solimo, Sto 50115015505511,
10 30 01 55055 510555 1 51010 1 055010 00 55 050 5510, 10
5 5105051305ιο 1555051550 30 15 15055 00105511
015 1050105 boii 05015, 01 55305050 055511 3510.

050 00 0500 5055 055010, 5 115 5003010 505555 15011
1 1001055 05555 euti, 15051050, 50 501550,
55501055 0510 13010 05 50 mozo 55051511 15
50 5505511 1153055511. 5511550 5550 1551051050.

 

