1010111101 11111100. 13

U to 110110 1110011111111110, 1 1111010110ωο 0111101111 011010
1010101111011101101010, 130 11110010101011010.
3101101110101103011111010 Ζ10111101111110111 111011101ιο 165
111110011110111111011111101131011011. 1110 001000 101 01010110

01 10 1011111111 1101001010 1ἰο rame 101 1110111011 11010
101011 1111010 1110101 111010, 110111111 boz 1110010110.

1010 10111110 11110 1 111010 135 Η1110 1111, 1001 11101011,
111010 11001 010 ludi 0÷tale. 1111010 11110, proi od 111011, 170

Negovo 11110 011010 1030 1000 01111110 10110011
1 1101101101 10110111 1 slavi obli 10011 001 1110010.

11101010 10 1111110 011 11030, Vrh 0010101 110 drag 101111,
1101311011010,110101103111011. 140 11111011 00111101 111 10 1011,

110101 00011 111100111111110, 0101031010111111101111 175
, 0101010011110111010, 1011111011 111 11110111 1111011;
da 0111001 1011 110110 1110011, 101011 ludi 111110
1111011 11101101 1111010. 11001001 111010 001 11111011

Π1111001110110111101110, 145 111010111110101111110,

010110 1101010111111110 11101111,1110(10,1011,11011. 180
11030 0011101, 10 001110 8111011 11110110 010111031οἆ0
1110111011100100111010011111110.01111101 1 01103 1011111011 11111,

Τ118111111100111 vrijednoga 1011103011011310011,

110 300111 10 on 110110111150 101111011111101101111011011111111.
od 11011110 3111101030 11010110111111101110110111 185
1103010 00011011 1 elebodi, ‘u 110 1111111011 lieu stoji,

01111011 0111110, 10101 11110, 101 11111010 1111111011 101011

10 mne& 111110 110 30 vidi, 1011111010 prima i 11011.
1 11011111 11011 0011110110, 155 Ζο11110 01010, 1111101010
1110 od 010301111010110 011011. u 1110110111 11010 11010, 190

U 1001011011111101110 0101110 111101 001000
0111οὄ1 10 1 1101111110, 1010 11101101 1110111010.
(10101110100 011010 sine, Nesramna 10 1001111111οο
kim 0101110030 11110110. 160 0101101111111111111,

81110110 01111110 1111 01111011, 0010031011111011101100, 195
3111100010 011111 01010 0011001010 111001 euti.

11000100. 1305011150111,011101ορ10012581822. 1831011100, 00001100
13571 455, 30110001010.10001001001000110100·0000,100101001000100001010010901000000·
0010011101,ιο 00000100 1000010101000100110010011010000000011000011090101000001010010010 01010·
malo 00010000100110129001011011001175Λο0110110100110000100 00101000110111100οΗ0010010
130010001ἰοωο00000184 010101411011100.1481101100.15810110017001010100.

 

