mmm 0111100.

11000010000101 0010110010
100011100 boga 0111,

00 blag primi 00 00110010. 275
verno 0000 da pomili.

Tim hesiodi pokorniei:
shranjena 01 0001000 virom,
gn'jesi ti 00 001 101101
0010011001, 0001 0 mirom. 280

Toga od 0000 01110 000000,
puna 001110 000 00110011,

0010 01010 0000 1 0110000
1 0000010000 000 01000011,

1 110 00001 0000110 285
01 000100 00 110010,

101110 001000001Ῑο
pak 001001 00 000001ος

paee ogfienoj vjeri i 1001
00 0003010 000 00 01110,
1000 00111030 0100 001001
000 0001000000 100000110.

Tim 0101000 0010111000 darom,
tom 00 dignu 0 puta 10100,
010001010000100001010000000 295
00110 10 0000 0010010100,

1000010011 0010000 mimi,
10100 001110 001 govore,
10010010 10010 primi
0 0001110 00010 00000;

1010100101 1 100001

300

000οοιο 0000101 0 10000011,
10101101 00 0300100011,
00101 brutae 0000 00001011.

Tim 100 0000 010 0110030 305
00 1000010 100011100, ⁴
00 00 0000110 000011 01ος0
00100001 1 01100,

00110000 0001001 kriposne
prem 00 00300 grob 101000, 310

000. 00] kam 0000] bozij.

gdj 0001110001 1010000
00001001 000 001000.

Ι bog 1100 000 0100010
put ukopne 0111000 000001,

0 Marta ga pogledaje‚ 315
1010100 i grob 110001 001001,

ter 001100000001000 00110000,
za 000 0010 00100 amota,
0 1000111οο00 Μο0001100010
001110ςο gesta 00010.

0010 pune 11000 1 0011010
00 1010011 00 001110
010 postem 1100 011010
0001100000 0000 0110.

Κο nmo 1000, 001111 sinu, 325
segaj 10100 00001010,

320

01001 0010 000 101100,
290 drago 000100, 0100010,

1010 0 0001000 00 00010οοιο
arce 0 01001 00100 010000 330
00 00110 0 000011 01110000
00010 10010 ime slavnoz

00, 00 00 prije 0 11001101ος00
ti 01 00 001 0000 prinpio,

00 010000 010000οι snagom 335 ’
0 000010 00000 11010.

110101 1001010 nam 10 010010,
00 1001 00010, 1001 00 0001,
00 0001010 10010 10110010
pogodit 0010000 tobi.

1001000 00 000 00010,

1 10101010 0001 010ος
0 110 00 01 100 proplako
00 110000 1010 boli?

Βο10001000100000 1000, 345
100 00000 300000 0000, ·
10100 000100 pune 1000
0003000001 10010 000.

340

 

