116

10100, 0010013010 0301111100
011000 10013000 10300 303011,
10113000 10111οι 100 10 vitm· 155
00 0010011 vrh 001011,

tor 000 001010 na 103 mii
300113οι0 303003οι0 001001 1010,
1 1113030 poda 01 rati
0100100110 1 01010.

Na 03000030 1000100110
000 001000 namne 01010,

1 00311011 00000110
30001301 00130010 1113011 1010.

2010 103 0001 pun 10100011 160
1130000010 110 0011100,
gdi 0030111 0013010 0030110011,
00100 0013010, 0300000100.

00101 001, 1031300 poda
01111, 11 0013000 00130100 01010, 110
010010 3101011301 vrh 000010
01101010 10 0030010.

Na 1000030 103 01001100
sva 00 001030 10010 0010000,
1110 13010 po 003 tivo 175
000 101001 01001 010000.

Tim ko god 00 3130 001011
01 001001130101 gudjam,
posle 001010 000 01011
1 put 01101301 1011 010000. 180

101 golubi 113011, 1010
iz 010010 0110 10010
00 0001110 00110010, “

10 0010100 10000 0010,
tom 01010 010 godino

1113ος 0100101, grom i 1010,

1 0010010 vrh 0010100

erni 011001 da 00 0010,

0030101001 03000 00100
01000 103 000 10101 1010, 190
01 000ιο000 00030100
10 0130000 00110 301301οε

100

185

mum numum.

300 00 0010 po m 010000
1010 003010 0001000, 105
10313000 0301ω30100011ς

jur 00 01011, gdi 01010
ςο00130 gori 01100 00000,
jur 01010011 10300 1010
0101030 00 00 1010000 200

1010 00 010, 00 1130101010
001000 00 01001030,

01100 01 1010 pune 010010
00 001300 0013001000 0000110030.

Nu 10 1 nam 301010 more 205
ova 13010 dotegnuti,
10 0000011 1001 10000
100 1010001 100 puti:

0010001000, ili 1010
0101301 00 001301001 0 0010, 210
111 0100100 100130 1010
0013030130 103000 1013010,

01 301010ςο 01110 til·
00101300 0100000 00 00 010000
010100 prame, 1000 10110, 215
1· 001010 000 0000000.

Το3 1301030, 00 sto 10010
01010 301010 000130030
0 00100101 0011 3010 ἡ
bilo 000001 011 11030030. 220

U 10000130 tijem 01 010
0030013000 01100 01 00110
evi 101101 0 10ςο 000010
113ιο 00010 0011301 01110,

ter 3000030101, tor oholi, 225
0 0 00010 00010 081000,
30001οι110 0010 01011
10300 011000 1 3000100ος

10300011000, 10 0000000
01000ςο 00 1030 01100, 230
0 1000 01 011 11 10113000

, 0010000001]οο vojm 000..

 

