rmum nvo·

111111 11, 111110 moja, 111111, 11011 nebom 1111,
ki 11 1110111011 1111ος011 grate, od 1111111111 111101111111.
1111111 trudi, 1111011 1110 111011, 135 81110111 10 tobi 111111,
1 pogube 11111111 11010. ni 111 10111 1111ςὶ10110,
01110110 1 1101 10 gubite, koji 1 whom, 111111 mili, 175
1 ovi 11101 1101101111 1001010111 11111 gremo.
1111110 11111011 pogrdite, «10110 101110 0101110111 ·
111101111011101101111. 140 110111 Ρο111 11801111,
11110 11111 11110 1 11111 . 1 1111111 11 1 1011111011,
1101 111110 101110 010, 1011111011 licem terga karae 180
111 1011111 1111111 111111 Ρο1’, 1111111, 1111 0111010,
11 10111111 101101 1010. 144 govori mu, 11011011
Tu 1101 11011011111011111011 111110 0111110 1101111110υο
1 neizmjernom dobru 111110 1 101111111011110111011 111011.
011011 11111011 11111 111101111011 0110501111 111010 185
1111111 11011011110. 11011 111101 po 110 111111
010 1011110110 1111110110, 101111010111, 11111 01111010,
11011110111111011111111011 150 1111111 11101101 101 1111111
1101010 1 1101101110 171111010101 11111110,
11 11111111] 11011101] hodi. 11110 011111111111 0111111, 190
Rode, 1 1111111 mila i 10111 110 10110111 10101 111110
11111111 10 1 111111, 11 1110111111 1101101111.
101 10110111, 101 10110111 155 Ne s 1111101111, nego 1 1111111
11101 1101 1111011 101111. 11 sam 11110 sgar 1111111
1111111111 Ρο1111111 111 0110111111111011111111, 195
grozne 11 011 rone& 1110, 11111111110111 01 11111111
10 bez 101110 111010 11111 010 11110110 meni 0111111
111111111 molit 11οι 160 11010111111111 1011;
Κ11111, 1111101, 110 10110110, 10110110 10 11111111,
3011011110, 110111111, 110 mi 111110 1110111011. 200
podlagaju 1101110110 Vi, ki stupaj moj 111101110,
11 11111 11111101 dila? podnosite 1110101110,
11111 110101, ah, privrni 165 1 1 1101011011 111111110

101 poinde, tej odluke‚ 10111111111, 11010 111110.

101 11110101, 11011, 101111 Κο god 1111 bit 111110, 205

1111011110 11001 muke. od sebe 1011111 011001,
8110111011 1111111011, 10111011 1 1101 111111 kri& 11 rame,

111111, 101 1011101111 11 mnom 1001.
11, 11011 11 10101 pravi 110 Ζ101 101 11111, 110110 lubi,
11 111111011111101011; 210

 

