204

0661116ὄὶ 36661611
prid ukopni 6166 (16116116, 90
161 61616 6661 1166611
6661161616 1611116 63616.

Vide, gdi je 1161161666
611616 od 1116116 111163 11611616.
1311 1661616 61161666 05
6 61616 od 31616 66116 pala.

Stupa k 116166 (1161166116,

i 666 666116 1116666 pai,

16666 66166 116616 iz 11116

66 (1661 161611 6611161661 100
11661611666 1116166 611661,

16 16111616 1161666166116

priko 116116 66161161 61661

6116666 od 1616 1166666116.

S toga uzroka (11116 1116116105
6 1161661661 161161 1661
616166 61666 6 31666 611666,
161166 6611116, 3166116 6661,

161 6616 1161 3666161111
,0611161166 16636 6111111616,“ 110
66 6163616 druge 161611
111611, 1111116111 111616.

Na 666 31666 116 11166616
6161616 66, 3111 61611
661366616166111611616 6611616 115
1661, 3616 1 61611611,

16116 1611611 od 6611616,

1661 jak 166116 1166 611616,

6 6111616 36 66116116 1 1111616

6166636111 1116111 1161116616, 120
1611666166 1616 111616,

161 pogledim 6116611616

1611111661 rije& 661 1166161111
0161116161Κ6111161116, 125

1636161166 616166 zeno?

Suze ustnv‘te‚ 611611 66111116,

1 66 61616 bit 11661616.

mum Imm 1 lm.

11161161616 6611116611,
1616116 661161 6166161116, 130
66616 budi 6 16116611
1 61611636 puna 616616.
Jews, 1636 66111 11611616,
6616 66 66 1611611 1616 11616666,
(11111616 66116 31116116 11616, 131)
6 6661 161661611661666,
od 6111611611 16 611616,
6 6611161 111611 16611,
silua 11616 pridobio
63166116 od 1116116611. 140
06 16 6111616 aad 1611116616,
1616 6611161116 6616 11116
66161 116116 161616666166
ni 6161 616111, 1616111116.
Ρ61116, (16116 glas 666611 145
6166116 1161661 1161111,
da i 6116 661116 6611611,
1 da u 361161 6116161111.
11616, 1 6 611 1116661116,
6 666 66 6661116616
rad 1611666, 1616 vide
1 61166 66611661 6161616.
1611616 66 6166166161611,
16116 66111116 666 11111611,
1 61616611 11111 6 61611,
da 666616 116116 61611.
1111111616 111116, 1616
6661611661 16111616 3611,
16616616 661 1161616,
(16116 iatine ne otvori‚
1116 6161166616 na 16616116
od 661116 61611 11616,
1 po grobu ispmnjonu
pomne 61161616 evada,
6161163661 6116166111 165
ared 6616616116 6111611116
1161 1111161611 6116 16616
6111661666 16161 611666.

100

160

 

