mmm Dum 1 muo-

100, 100 milo· 11001001, 125
00 5000 00 010011 1000,
5111000 111010 310001υὸ1
1 001000 rane 5000.
(110010, 00 00 000001 000150
0111011105 000000 10 0101011, 130
gdi 0010101100 51050 010150
0 gar 0 005000 001011011,
. 10 001000οο1 gdi 001011
010 0000100 10110 1010,
50100010000 100 1010001,
10 0110011050 0000 00010,
100 0 10105 gdi 0101001105
0 mnogom 10011 00011 po 00 ,
01011000 10 put 5101001105
0011011105 010000 gori 0000. 140

135

Το0 00 10000 00 5010110,
10000 51010 Longin ime,
0100100000 10100 1 prika
01000 0010111000 501010110οε

00 5110 00 00 001000
1010 0 0110000 00110000,
ter 010011, ter 1000011010
000101010000 prsi 00000.

Ι, 01010 00 0001 100001, “
101010 rane, 10 mu poda, 150
10 1010 00 0101011101
1001101000 1001 0000,

00 po djelu 000000 10100,
10 00101101ιο odkupjeni‚

0 po viru vodenomu
od 1110100 00010001.

1100 11000000 10000 1011

145

155

000101110 511100 10000
0110010010, 1 napoli
5110000010101100000. 160
0110 100000 101 0001 11001,
«10001, 10101000100001010,

11010010] 10100. 114. 101 100.

modu 0001109010 01001,
001011 00011 ter 0011000.
Το 0000101 051101ωο
10110001001100 1 10110,
0 1111000000ιο 051101 elima
draga 1001100 100100 1110,
1010 01101000 00010001
0000 1010100 00 0010100ομ 110
1011 00100 11 1011111
51050 011010 110010 toga.
U 1010100 ga 0000 511000
1000 5010110 000150 5000,
0 0101011000 003000110ιο 115
1000100111 0 grob 5000.
00010000 00101110
000 00000011 01101101 00000,
10010 00 0051 00 0001110
01010001ςο 00 00το00000. 180
80011 00 000 agar 000001
11110 00110110 1001110ςο,
010100 111010 0000010101
0100011010 0011010 00030.
8001011 51 0001ος 510, 185

165

00 0 000000 0000 51110,
11010 001101 00111000 0000010,
10101000 10 000 0 001110.

Βο1110 111010 00000000
51 prod 1010101105 1000 0011050190
1010 100 gorko i 01001000
11000011000010 10150,

00 00 50100 015 300000,
111000 1011110 0110 podati,
000 101110 5111110 gore
101050 00 0005103011.

50010 51, 00 00 01011
00010 pole, 5111011 010000
0100010 00110111 0 mnogom boli

195

000ςο 0100100 01011000. 200

θ

 

