00008008 mm.

10110 01111 0011081101

18881, 10810 0010110010

1108 081011 0811008018, 110 umrloga 0111080118,

1 10 100 80110110 1101

88 08810000 801101 810018018.
Ρο08081 101 11000110

810 101111 80 0 10 10110,

1 nam 010101 mir 10010 115

0 10181000 8181080 111ος
08110110 0011 110 88101818,

1 8018118100 1881 111010,

1 80010 801011 8101088 10018

8110 010100 80011 110101 120
Ο 1000801 01001088,

11 8010110811ιο 08181010 81810,

1 0010818 808 101088

1 8000818188 11018 anate,

01 18081801 8 gara 10810 125
8100100111οω 8181011000 10111
jur 8101108ῐο 0 000 0010810
1018101811 gusti mili3

tim 088 0001180, 881 put pravi
0181118 moi pameti,
po 8011018101 dim 181801
80000001 mislim 1018 leti.

Kon dohodnijeh 0810 0118
ugodno vam 88 800000 1011,
81001081ομ 8001 108110 135
18 fle 81808 81001 80011.

0880001101 81801101 30818
800010 11ος18 318800110
0 11008010 000010 8818
81808 101008 10000110.

S 0810100 10 pak 100ιο011,
18 10 1 10 881 08 mnom bila,
801100 800010 0181001010 011,
1 018018 1010081 1118.

Τ81 mi 1010 081810 pute 145
08 01818108 08 001118

130

140

18 81010100 1008010
gori, gdi 80 010100 1110,
budam 01881 08 10010 1010
01100 010800 1000111ος

80810 10 moja 0188011018
(00 bud' 80011 101 me 0818011),
11001 moga 8108811018
81001081110808 18108οἰ00 818011.

000 80010 881 1081010
0 101110 01080110,

1, 11 0 80010 templo 10010,
puke 88 0000101801110 160

Ne 01110 80 nigda prije
niu 10010 0101001011
0010 0110811 01 punije
0 grad 818001 01001100 1011.

Ne 101110 08 180 80011 165
0 008010 001 1010,

1011 1010 88 0111011
1010 0 01088, 101111 0010.

'l'im vrijednoga J ude pleme
081 sveine prvo 01881, 170
00110110 10808010810081110100,

0 80000010 1010 pazi.

Κο 180 10101 nvom 1810811
800 081011 8011001 081810,
111001081010 8101000 10811 175
10008110 pun zahvale:

1810 segni 01 1011008
0 10110811, 10010 1 80011,
vrh 08181101 801101 1010ιο008
01111810 80 puci 0011.

18001 Gaze, krajna grada,
00 1810010οἱ puk 181011,
111101 Sabe, 1 Engada,

i kralevski Ebron rodi.

150

115

180

14110110. 142. 101 180. 1410111 0101810101 1011; u 0811188188 carmine
mortales 0888 visusque 881108ᾳο801. 173. ko] 180. 183. Sabo] 018 18108108 Sale.

mmmmm

4

 

