mmm Dlmfflffl'o.

Na 100000150 005100000

110

110000 00001 0110 000000

kral 005005100000001000 390 1000000050 0100 00000000 430

01100 0005000 1000000,
1 0 005015 000001 00000.

Vidio 51 tamne 1000,
gdi 00100010 00001 000000
00 010 01050, 00 000000, 395
00 01050011 100 1 010000.

Tom andeli tui 0101000
00000000 010000 00 50010,
0000110 00 0000 1000, 501010
00010 00 0050 00 0000010, 400

ter 0 0050050 jur 001000
01011 51 001 00 001100 hrli,

i nemile 1 0000000
attane osvetnijom plamom strli3

jur, 51000050 000010 5000, 405
za tvo grijehe 0010000000
0101010 51 oda 00000
100 0000000 00500000,

00 5001001051 00050010,
51 101 50100 000000 031000 410
i 00011001 0010 000101
bez 000100 1 500 roda,

0 000 001 0 010000 011001,
000 0110011 prid 50000100,
rasrdan 00 00, 00011001
na 015 01050 00 001100.

050 0050 00 000001
00001015001105 0000510100,
0011001105 000001 0 001001,
01001050ςο 00000 1 1100,

0011000 00500000 051051000
0500 milas 00000 1'1ima¹
rajskom 0050 005001000
50 0 00000500 00010 0000οε

Ρο tvu bratju, me dvorane‚ 425
0011, 0 5001105 5011105 teci,

000 00 00010 01001 00000
000 011001 hrlo reci:

415

420

vrh 0050051105 0011001105 straus.
ivrh 0011010 him 00010500,
bez 5011001000 00 000ςο
00 0000001 501 0000001010,
1000101 500 00010ςο
00501 000010 00 metato.
Βο100 000010 00000110
1 0000050 0000 00000,
ter 00 5 meni 001 0001100,
bog vam ovo 0000011000. 440
11000, 0 milon 000010000,
000001 500110 flu 5001000,
5000 0 5010 1 0100000
500 0110000ςο 05010010 01000.
Το 000010000100010100 445
00150 noba leti wega,
tere 00001000 001100 0050100

435

, 00050 10010 0010100οςοε

00501 00000100 000 0000100
0015 0110 01050 5010, 450
1 00 00000 001 prid 1100
0050 00000 0100011010.

Κο0000 510300 000000 5001,
01000 10500, 500050 vira,

i 50 010010 010050 0001, 455
1 tihoga 000150 mira.

Sred 015 01150 0000000000
0110 51110ςο 00 001100,

0 0001005 00 001100 001000
mimo grano od 0001100. 460
Kud god 00000 0001 put 000,
0000010 100000 0011010 iz 0050,

001 0000050 0011050 gone,-
001105 0000000 51000 001050.

Do 1000000110 smironi 465
50010 1 00000 10000 0010,
ter 0001000110· 0011001
prid 00101010 501110 5010.

 

