1111

11111 11111111 meda 111111, 25
1111 111111 11111 11 111111,
1111111111111 1111111111
11 1111111 1111111 da 111 uglavi,

1111 11131 11 1111111111
11111111 11111111 1111111 30
11111 1111111 11111 11111111
ki 1111111 grijeh u 1111111

Κ111 ρο 11111 111111 11111111,
11111, 1111 11 11111111111;
1111111111 11 1111111111 ludam 35
111111 11111 1111111111

01 1111111111 111 11111111,

1 11111111 111111 slipi
11 1111111 11 (1111 pede,
i od 11111111 1111111 111111. 40

211 111111 1111111 11111
11111111 11 11111 1111111,

111111 prava 11111111
11 pogubi 11111 11111 11111111.

S (11111111111111 pun 1111111 411
boii 11111111, 111111 11111,

1111 11131 poda 1 11111
1111111111 11111111111111,

1111111111 111111 11111
1111111 11, 1 1111111, 50
11111 11111 1111111111,

111 11 1 arcu 11111 11111111.

Κ111111 11111111 1111
1111111 11 111111 111111,

1 111 1111111 1111111111 55
11 11111111 1111 1111111111

011111 toga 11 ima 11111
1 1111111111 111111 11111111,
11111111 gn 111111 11111,

11 1111111111 11111111111111Ι 60

(1111111 11111111, ki 11 1111111
11111111 11 11111 1111,
tre gn, i prosi 111111 111111
11 1111111 1111111111.

mmm mmm.

Tim 11 1111111 1111111 1111 65
111111111 11111111 1111111,
1111 ga 11 puni 1111111
1111111111 1111 111111,

1111111 111111 (11111 11111,
1 11111111 erebro 1111,
1111 111111 1111111 od 1111111
1111111111 1111111111 1111111,

111 11111111 111111 1111111
prid 1111111111 31111 111111,
111111111 81111111 1 1111111111 711
him 11111111 111111 111111

17111111 11111111 pjeneze,
1111111 111111111111 11111111
1 1111111111 11111111 11111
mene od 1111 1111111 11111111. 80

811111 11 11111 1111 11111111
1 11111111 po mu glavu,

1111 1111131 1 111111,
11111111, 1111111 vam 1111111111

0111, pomam, 11111111111 86
pravi porod i bog pravi3
1111 11 1111111 11111 meni,
11111111 1111111 111 111111.

S 1111111111 111111 11 1111111
1111111111, gdi oni 111111, 90 .
11111 erebro 1111111111
prid 11111111 1111 11111111.

011 11111111 11111111
na 1113111111 1111111111,
neg 11 111111 11111 rugtju 95
11111 11111 1111111111

(111111 mu 111 jodini:

Sto mi 111111111 1111111111
1111111 1 1111 11 11111111.
11 mi 11111 11 1111111111. 100

1111111111 111 1111111
11 ko 1111111111 11 11111 hodi,

i 11111111 11111 1 1111
1 111, 11111 111111 1 rodi,

70

 

