55555555 55555.

05150555 55511551 555
po 551551155 5550 555 straba, 550
515 55515555 5555151555
1 551151 05105 51555,

5 jur 51515 5505 515555
5555 50 5555 555 55156515,

1 vrh 55555 555515 55555 555
5551555555 55 55155551 01515.

viee 55511155 551155 55155555,
55115555 51555 55551551,

5115 5551551155 50 5555555
5555555515 55501551. 560
S druge 55555 5 555 5 515155

1511 50 5555 5555501515,
05 mu Abram 55555 50 nina
5505 551511 5551111115.

On, 051555515551155115515, 565
551555 55 555 55 555155,
mffimmffiw
5555 5 mabam hro prosfiso3

550 5555551 5551, 510551
515555 5 51551 15551115, 570
1 05 555155 515 5561
50 5555155 5115 50 551155

115 5511515 5 5555, 5511
55 mn& 55515 hsta i 55 05,

05 55 5 5551 5155 55511, 575

51 5 5551515555 555 555511505.
Κ55155 55516, 51511 5511555,

55 051555 515 51550515,

5555 55 055 50 5155555

5515515 15555 5555515515. 580

Kaio, 501 rad 555 55555555
5 nemilom hudom 5515
55555 brata 55055555
515555 555115 555055515,

55011515 555555 5555, 585
05 15 55510515 5555, 1555,

5555115555 551155 55555,
1 5551 mu 51155 5555.
05 555555 0511 5 ruci
05555 51555 555115, tero 590
5551151551 15151 muci
5555551 15 5555511555 pere.
Κ555, 501 555 15555551
15 11151515 51155 155501,
5 55555551 ter 55 55551
drag 51555555 555555 5501.
Ι 5 551155 0551155] 551151
5555 1551151 5155155,
5 5555 1551555 trudim lutim
05 51 malo 55 555155,
50 5551551155 555115 515555

595

600

5501 5511555 male od 5155
55 555 strnue 55155551555
55551155 55051 555155.

Ζ555 55155505 5 toga 555555 605
5511505 50 bronna 515115 55501, -
555550 5515 55 515555
55 515555 0555 5501.

2555511505 555 55555555,
5555 5155551 55551 51505,
05 55555155 5 51515555
na zgmdjonu 5551551505.

Tim 51 1555555 5150115 5515,
505551, 555551, 1555511
555 5515511 55505 50 tole, 615
555 05 511555 51155 5511511

Kaio pticu, 55 5555155
55511555 5155555 55515 5551,

1 nvom krvim 555 555155
drage 51155 pita i 5551. 620

U 555515 1 5 radenti
5515 55115551 551 51515,

15550155 555 51115511
5555515 515155 55515.

610

579. svin] 5511515. 599. 15551555] 15511555.

 

