120 mmm 0000000000.

Ali 110 10 00001 bilo, od 01011105 011105 105000
1010110100 0000015010 150 00010010 01010 00 10010000,
bog 000011 101010 1110, neg do 1100 0011111 prais
100000101010010, 00001 0001000050110010011, 190 1

01010100 00 prem 105010, 010000 001010 00010 00010
ka 1100 501οι0 ja 0100011, pro& 1150001 05010011,
100000 pomno 0100 010010, 155 100000105000100101010
00110111 bane, 11101 aluisti: 001000101ιο 0100000οἰ
Rada 01111 nebo 01101 0010100000010031000010 195
i 00010001 0010ορ0100 511010 0010101100οη1.
00010, ka u 00100ρό101 8001 1000ρο011 10 1000οο00
0010001100 0001 01001000, 160 modu 10010000 11001000
pun 105001, 100οι 0001 gori, 0001000000 000 prikorne 3
100010 10000100 0 00011010, grijeh 10101010 0 01010000 000100. 1
001010000 1050 010001, 111111010001101100110, 201 l
00110110 100150 01 andala. 10 00001000 1010111000 more
On u lijepijeh 1000110οι0 165 0010110 0100101101 0001000110
0010111000 1110 100011, 00010 0οΡ0011 1000000 10000. .
puk 001010301οι0 10000 110000 mu 101 1001010, 205
01001 0001οι0 0010011011, 1010100000οι10ιο 10 1001010,
1010010011 0010 00010, 1100000111οὴ 0050 0010
100ιο sam 100111 51010 0 0110, 170 na 000 0010 gospoduje.
00001105, 1110 01011001010, Sve 1010110, 000 501010,
5010 011011 1100110. 000110001010010101001, 210 ζ
Ali od 1110 00111 110 1 pod nebom 000110 0010 ⁴
0010110 10101105 bogu hvala, 111ιο 1 1100 0 natavi. ι
110 1105 11010105 00100010 175 Samo 0 oni 000, 1010 ga 1
001 010000010 000 001010, 0 00001011 001 primii,
00100010000101010, 1051010010110 01000 100110 215
10 00 01000100 1 005001 010001 000111 plod 000011,
0010001000ωο 0100011010 ter mu 0010, 000 11010010
11030001 0101001 kruni. 180 tu 000000001001100,
Ζ10500 010100 115 potabo, 1501110 00 01 1050010
(110 51 mogo 101 1010110111) haran 000101 0100000100, 220
10 0050ςο 1010100ιό0 01000 mu 111ορ0 1010,
0 00500001 0001 10000011. 1001011010οι 01000 0010011011,
110005001110510011000000, 185 10 00 5010 1οςοι1 0 10,
prid 10111000 00 000 001101 10000, ako 10100 0110 00001011.

175. 110 1101] 00101100 00100100 §to ih 10. 2011001101 1001010.

 

