168 00000000 0000000000.

0 to er 10000 10010100, 0001010000110110010
10 10 10011 01001 00010, prima 101010 0011010 1010,
11000 0000 rane i 0010, 255 (10110100 1100001010, 235
00011010 10 00010 00100102 10 00101001 000 001100 00101
Το10 10000000 bez 001010 1001010 000, 11 gre sgori
nemilosnijeh od zlotvom, 00 1010010 00010 (00000,
01 00 1001, 01 0010 00010 11 00 01 boga 000101 010001,
00 001000 (0010 010000, 260 10 00 ludi 011001 bogu3 300
00 000 10 001 000000 luti 0001010 000, 0000001000(
001000, 0000100, 01101100 3100001, 000011 00 00011 buno,
01 0001000, 01 01010011 100100010ςο ruha ovomu
00 1010 mu 0110101100 basem. i 1111110 00110101 1000ος
Ah, 000110, 010000 011101 265 ’ 000 100110 00101001000, 300
’110 10 &udi 1010010000, 000 001010, 1010 0011,
10 0011000 0000 0110, 10 0001000 001101000,
10 0000000000 00 0000001 10 1001000100 hiim gospodi!
Ρ1100 01 noba, 0011001 01 goro Nu je 000 000000, or 00 moia,
0011001οἱ 10000 00010 100010, 210 00 0011000 00001000 0000010011,
000001 1011101, 101 00 umore, 0010111, 10 0011000 311
00 000 0010 0011001ος 00 0001000 010100 0011.
0 010 0001, 00οι00 0011010 11110010 000 00100 1 010100
11 00100011 00101 1001, 00011111 0110 1010
00 ima 0010010001010100010215 u nabuni zloj (11010100 310
00010 01000 10 0001001; 01010 00001100 000000 00010.

 

nego 10001100, nego 10010100 11110100 gom, molbe 0110100 ’

0000100000 10010010, nih 010010 00 00010,
00000, 10000, 1001100, stum, 00 00000100 001 100 00100,
10 3000011 0001000 10. 280 000 101011 10 000110. 320

110 001 nabin izgrdjena Svi 011010 01100οι 011000,
Ρ1101 ga 0001 0010 1010, 1010 10 00 000 grad ori,

10 (10 0000 0001011000 10 00 100100 00011 00110οι
011101 011000 111000 00 01000. vrh 1011000 10100 umori.

00 0010000 1 00111000 285 110100101οοωο 1011001010ιο 325 ’
01000 00 10000010, 100001 000100 rogoboru
govorehi: (1001010 000, 0001000 00 modu sobom, .
11 000 attasi, ki 0010010. 010 00 010001001100000.

101 101 10000 jo} pfflaga, U pobuni klotoj toli
110 000001 hoho rijeti: 290 0101010 00 boz mluko 330
(1001010 000, 10ςο blaga iza glm glani oholi,

10000 00001101 0111 00011011; 100 1010 0010· 1010.

 

