1111111111 nummo. 185

puk, 11 1111111111 1111111111 111111, 1111111 1111111111
11 egipske 1111111 11111 1111111111 1111111 1111111,
111111111111, 111111 11111111 135 ni 111, 11111 11 1111111111, 175
111 111 multe 1111 11111. ni 111111, 11 ga 1 1111111111.
(11111111111 hesiodo, ’1111111111 11111, 111111,
11111111, 11111111, 1111111111, ne 11111 lica 111 1111111,
1111 1111111111 111111 11111, 111 111 111111 suzam 3111111,
1 11111111 111 111111. 140 1111111111 111 111111. 180
Nu 11111111 prem 11111111 Na 11111111 11111111
11111111 11111 1111111 11111111, 11 &alosti biljeg 1111
1 1111111111, 11 11 emili 1111111 dubia, goro, i 1111,
11111 gorki 1111 1 11111111. 1111111111 1111111111,
Ali 111111111111111, 145 Κ11 1111111 111111 1131111 185
11111111 111 ona i hodi. 1111111111 11111111 111111,
111 1111111 1111111111 gdi 11111111 111111 preda
1111111111 1111111 11111 11111111 u 11111111 1111111111,
111 1111111 1111111 11111111 11111111 11 11111 111111
tu 111 1111111111 111111 150 11111111, 111 1111111111, 1110
1111111111 gradu 11111 111111 na 1111 1111 1111111111
ne 1111111111, 1111111111. 111111 1111111 1111111111.
Ali 1111 [11111 111111, Ζ1 111111 111111 1 11111111
111 1131111 111111 moga, 11111111 111 ove pravi:
gdi 11111111 11111 kupi 155 Smiri tuge 11111, 11111, 1011
1111111 11111111 1111111311 111111111111111 natavi!
11111111 1111111111 111111111111111 1111111111 moga 1111111,
noge i 11111 111 probijene, 11111 11 11111111 11 nebu,
11111, 1 11111111 1111111111111 11 1111111 11111111 11111111 11111111
avete 11111111 1111111111, 160 111111111111111111111111111. 200
111 gdi mu 11 bolno 111111 Τ11 111111111111111111,
1111111 1111 111 11111111, gdi 11 blizu 111111 1 11111111
a 1111111111 111111 delo Ne moj 11111 bit 1111111111,
11 1111111111111111111; 111 11111ςί 11111111, 1111.
gdi 11111111 1111111111 11111111 Ζ1111111111111111111111111,2οῗ1
11111111111 11111111 166 111111 Ε11 1111111 11111,
11111111 1111111111 1111111111 1111111 111 111 1111 1111111,
malo 1111111 1111111ιί111 1 na 11111111 1111111111.
11 111111111111111111111 1111111111 ovi mili
111111 1111111111 11111111 drugami 110 1111111 obi 1111 11111111, 210
1111111 1111111111 1111 1111111111] isti 11111,
1111 u gori 11111 111111; jak 11111111 mg: 11 111111,

 

