1100111111 mm. 93

101110 111000 01 11011000 315 0 rajski me 01101000ηο10 415
0111111011 010 001 01111110 0 ovijem glasim i 110οῇ010011
Pu ga od 00110 01010 0310111011 0 0000010111 01100101 10101
0010 0110101 00 11111101, koje 0001110 01110110 111010
m 1010001010 1111011010 0011100, 011110 00100111 1000101010, “
1000101000υο 00101100 11111. 380 kojo 111111 111100 000101 420
Ρο000110 1 0010001110 Ne 01111 11 010 11111000,
00 1103011 mu 01101100 ki ti poju i 10111οὄ0,
10110 cvijeto 0001 11100100, 10 po 0011 01 01111000
0 001 0010011111 010100 1100. 11010 1 11]·ορ0 11000 00101
S 10ωο00 mu 1100001 100110 385 810100 0001 1110111 100 bitje, 425
po 111010 001110 1 1110 0 ne 0010111 prob razlogu3
1011001ῇο111 perjem 111110 010000, 000110 &udo 0011111 je
1111 1110100111 010110 01110, 1100 1003010111 10000 bogu.
Nagu glum, ruke uage, 1011110 je 000 001000,
101 noga 11010 0001, 390 1010110 111110 110 govori3 430
ter 001110001 011110 drage 000110 1000111000 01000
101010 so i 000001. 01001000 10000 gori.
11010 11010οἱ11000νί Το301000001101000,
iglodanjo 0101110 000100, 1 01111111οω0 00 1000011001,
10ῇο111 010 00 101001001, 395 110110 10110 010 svjetuje 435
110000 0011110, 11110010 10100. 10100 00111110 0 1111011 0111010011
Sto 10 01 1011110011 11101 01111110, 110 0010100 50100010000
kojijem 0 000 0111011 101110, 11010 10000100 0 nijednom 11010111
111000 010010 000 11011110 101111]οω 01001001 00101000
1100000110 10 010010 mu? 400 po 1101110111 je 10110 0001001. 440
U 01101110 00 001 10010010 Ρ101110 000110 0011110, 11010
1111101010 1101100· 0000, 00 0001000 10100110 011110
1011101 111010 0110 1 luta, 01100 1000 0111 110 0010
111111 0101111 10111 001000; 0 01011100 11110 0111110,
0111010010 00000101 011 001 405 0011111001 djelom od 001001, 445
110 00111010001 boga 01000, 110 00 01110000 1110111 000010,
01 im smijo 010111 usioni plod 10011100 10101001
tegunt jedan 0100 01 glav03 110 tegnuta 00100 11010.
0000 eam· 11110100 11010, Τ1111 00 01011 111011 1 0111000,
111100 00 0110110 01110000, 410 11010111 0100 tvoje 0011110; 450
10101οὄ0101 11111 1010 0001 je 0111010111 101 11110010,
0011001110 10101 ranja. govon'm ti 01000 101100.
Meno grozna 1101110 0110110, (luda 00 000 po prorocijeh

110 101000 101 1003101001, objavjena 100110 01100,

 

