148

800 nm 300100 0501000,

10001110 1030000010,
100001105 10 001000
100000 1010000 0000 01110010; 100

000 1000010 103000
5111000000 0 1000011001
00 3000000 00 3000000
00 0111051001 0003001001.

800, 110 nami on 05000, 105
000 00000100 10101 sade:
gorke 00000 100 00000,

1001000 1011010000.

Samo 10 0010 000050 00110000,
0011, 10000 00511100, . 110
01101 multe 11 500 0110000
0111000ἱο 00011011 00,

0 101 00 00 0110οι0 amni
0005010011 001 00010000,

01050 111010 10 00 01011, 115
00 0030511 0010 vomu.

01011000 0 101110,

00 0100 001010 010000 00011,
0050000010 000 101110
0030110001 0101000 001100ος 120

51030 0110111 0000010100,
001105 00010301, 1011 00110,
111105 000οι00, 3100 1 01000
50100011 1010 0110;

1 00 030001 5111 nebu
imi 0501100 00105100,

1 3100100010010050
kropko trpjet 00011001

125

0050 000010 tim 0100000
0101010 000 000001 00010, 130
ali 3010 00005 0111000
000010 0000010 10101 010010;

1 00100500 0003000 hranom,
ki 100 010 1001010010 00010,

146. 0011001 001000.

mum 1000000000.

301 0010000 modu 01001οι0 135
5103010100 01100 110010,

010000 51001101 vroh i 011010
101οι0 00000151αά00 0000,
100 300 51 000 0010 0011010
0010300010 001000 hodo.

110101000ιο 010 100110,
101010011 3100 30000001,

1 00 00111105 0011010 01000110
000010 1 111000 5000 u 00001,

0051510000011500110, 145
1010 0 000 malo οι1ιο0
0001100000 100 000010
0 00030 0000 0010000 151100.

Nu 00 00000 nami 03001,
05100011 30 00 000 010000, 150
0 00100505 000 100 3001
500 0000500 0100 1 10000;

51030 10010 001105 00 0011011
mimo 000000050011010,

1 503010 0001 0000011
ared 0501100 0 001105 011010.

001 00 0000000001 1001
000150 0001 000 0000001110
51000 00010 01110011 00001
00100000 3100001100. 160

80011 00 001105, 11 51 110000
0 1000011100 0010100 00110011,

0 10000 00 0010οὀ000
00 01011010 011010 000011.

1101011 00010 100 00 010010 165
1001 0011001 00 rat 50101,

1 101110 0001100 0000010
1 01000110 0100 0010500101,

001000 001010 000 0001100
0000101010 00000 00011, 170
1030 0 mislim jur 005100
10001 mu 00000 1011,

140

155

 

