113

Κο0100 100 00110 011010
1 1001110 0 001 0011100, 310
0010110100 00110110 1 0010
1 111101111 00000 000100.

800 0001000 01010 01100,
100011110οο 0101010 00110,

0010101000 0011000001 011100 315 11000100 0001110001

10100010 010 01000 1110.
Na 1011 00010 1 0110010

1010001100 01001 1000,

10110110 01100 10010,

mmm mmmm

00 0011000 0 01110 011000
111010 010101 0 000 011010 350
101101001010 0101000
0111011 1 0011111011 00 000010
11010100 0000 111000001,
11011 00 0000 udan-ahu,
01000 0011001 1101 11110110.
11011010 00 001 00 0111001
00011101] 01111010 000 011101001,
esim 10101011000111000111001,

00 1000 00 0010 11000. 320 00110 01101 01011010 101010ος 360

Jur 00 01010 00 00110010
111010 00110 0010110 010000,
0010 00 01000 0110 00 11110010,

’ ’ 1100011 00 00 1101 0010000,

010 010 10 0111110
00 0010100 1011 00001,
100 00010100 001010 01110
00101100 1 001001,

11010 0100010 00101010011001

325

001 000 001, 001 000001,
10000 0100001 0110111000,
001000000010 1101 001001
000 10010110 1 pun 011100;

001 00 00011 0111110
101 00 1010, 00 bi 1010
0000101010 01100110
1100100110 01100 11010;

3611

001, 11 01111010 00101010,

010 01001010100110110, 330 0001001, 00 010100000010101001

Ι0111000110 0001000011001

01100 01000 111010 se 01101110,
0101101111 00 10100 01110010

1101011010 0111001111 10 0101011,

11111, 1001, 1011010010,

maci 00001001 111001 01011,
1010 111011 0001101110

0 0110101 000101 00110011

00 000000001 0001110

00 0111100001) 00010111, 340
00 000010 11000 00101101

1110100100 101010 0001

01101000 0100 1000101101

001110011011 00 10100 01001.
Βο10 00000 0000 0100000 345

0111 1000000 00110 01010

111010 01110 00101000

335

0100 001100111011 00110111101101010.

0000101010 000 1111010 371
0 111110οο100 0011010 1001010,
i, 00010100 0000101010

001101οο010 10001100 011010,

0011011110οὸ0, 01010 1011010, 375 ⁸

i 1101010 11110 010001ος
001 0010010 011000 00100100
0 1000 1100100 0110010 00,
0 100111000 001010 0000100
00 11101 11101010 000010 001 380
00100 0000 0010111100 11110000
000101010111001 0 010001
0110 0001111100 001011010 1111100001
011101111 000100 01001,
101 01111101 011110 01011010, 385
11 1100 00010 0010 0100100,

0101010010 0 10001100 0110110οι
00110010 00 010 010100.

 

