11111111 11111111. 33

od koga 11111111 111111 315
1111111111 111 1110111.
011, 11111, pogodi mi
1111 11111111 1101110111.
Bog 1101111111 11111 primi,
i odgovor mu ovi· poda: 380
Sinko, prava moja pn'liko,
111111 111111 11111 1111111111,
11011111111111111 1 11111,
1 11111111 1111111 1111111111

11111111111111 (1111111 1111111111, 385
11111111 1111 101 11111111 111111,
11 11111111 1101111111 11111111

1111111111
1111 11111111 11111111 11111.

Nalm 1111111111 11

1111111101 11111 111111; 390

(11 u 110 11111 11111011 11,
111111111111111 111 ohram:
1111111111 1111111 11111
1111 11111111111 111111,
11111111 11101111 111 privare, 395
1 1111111 nih 11111111.
Jedan 11 11 1111011111,
11 1 11111011 prem 1111111111
11 11111111 1111111111ὁὶ
tegnut smrtnijem 1111111 1111111111.
On u 11111 111111 nemilu 401
i 1111 111111 amionem zlobom
0 1111111111 11111111 dila,
11111 11, da 11 11111011.
1111111111, (1111111110 405
1111111 1111111 1 1111011,
1 (1111 11 1111110111
pod 1110111 11111111 11111.
811 111, dragi moj porode,
11 1111 11 mnom od vik 1111, 410
11111 neg nebo, 111111 1 10111
111111 11111111111111.

mmmmm

Medu «11111111 (1111111111 noga

1110111111 111111ὶὶ1111,
(1111111111 1 (1111101131 415
11111111 1111111 aveto pism03
nu 111111 111111, 1111 nam 11111
sebi 111111 11111111 1111,
1111111111] 11111111 11111111
izgled (11 01111 1111111111. 420
Β111111011111 bega vani
1111 11 111111 1111 1110
proo' 1111111111, 1011 11111111
11 1111111111111111 1110.
Τ11111 11 oni trudo grlit 425
111 111111 1111111111,
1 na 11111111 11111 111111
u 1111111111 slavi.
Svi 11011 11111111
1 pogrdi 1111111 111111
1111111 11 11111 1011111
11111111111 (1111111 1111111;
po tom toga, 1111111111
1111111111] 1111110111 11111,
u moje dvore ispraznjene
11110 111 11111 privasti
Κο11111111, 1111 1111,
1111 11111111 1111111 1 11111
ima 1111111 1111111111
pod neumrlom 11110111111111 440
Ti 111111 samo trude
(1111111111, 111110, 111111,
1 11111111 1111111 hudo
11111111 1111111 11111 11111.
(1111111 0111 tvu 1111111111, 445
11 te 1111 11111 11111111,
1111111, 1111 po 11111111
1111111 11 1 1111111111

430

431

1111111111 ‹luhom 1111111111,
111 11 1111111111 1111111111, 450
10 su 111111111111111111,
11111 1111103111111 1111111;

 

