mmm DUM! 1 mtto.

Prava 00301100 k 00001 gredo,
0100ιο 10030 00 005001,

00 000 0 003 goti 000000, 435 1 00 10010010 00 10000000

00 000 0300000 00011 00001.
00 30510. 01150101, '

koga 0000 0000 10011

000 00111100οι 01101 00101

1 01, 50101 01000000,
0005000 0100100 00 101010,
00 01000030 0000 1005010.

8000οἱ 0001 1 5105001
000 013οὄ1 govorahu,

0 000100 00 000010 03001

50300 00 1000 pripijevati, 440 00 015 rados 0000113050. 480

ki 000 30000 00 000100
0001011 00 00 0001 00110,

001 3100110015 00 003100,
ki 0001 010 300οι10 01100.

Lav od krvi 010000 0000 445
0001310 pomo& poslan zgara,
ueprijatele 0010 5000
rubi, dobi, 001000, 05000.

Po 000 0013010 0010 00000
001 00 umrli 00001110.

101 000000 001010500οο.
1030 00 00οἰ 00500110.

Ε10 01 010 000 5100001,
0 nami 00 mma 0000
01101 00001 0001000001,

1 0013013000 003010 00000.

450

455

«100, ko 30 00 000 000130110οο,
skoro 00 00 dogoditi,
00 00 ima 000 01000000
pod nebesom 00001111,

00 00 00 003010 0001110011
010001 5111 0000 5113001,
00 001110 00 0000011
0010000150 gore i brijezi.

Jak jagafioi tihi 1 001001, 465
lugom 01130000 000 mutere
000101000003 po 110001,
1000010 igru tijere,

jur 30 00130000 pristupilo.
00 0 1100000110 510100 011ιο 410
mod 0010011ιί, 0113050 5110
5000 00011 000 kolike,

460

Ζο1000001 ta& gradjani,
50300 0030100 101305 00001000,
1 015 mire, 00 0001001,
0000011130ιο 0g1'1em lupa,

00 000 00 00 malo 5030 485
00 pol-aza pogubnoga,
0100 ιι 10011 30003 01030
00100000 grada moga,

ako vojsku 000000011ιο
iz 001010 0103015000,
1100 05011305 300110011ιο
001000010110 500οε

pun 000οο11, pun 000030
glas do 0050 dignu 1000,
00 0151011305 0000301030 405
0000 10001 01005 310ρο00.

8000 0000011 001305 010
010001 00001015 003303 0013010
vas 30011130οι00αοίιο 0013010
stupa 00 prag 0051051010. 500

Β301ιο 00010 tu gvozdena
00000000 grda 0100,

30100, 01100, 0100030000
10000 030001000100.

1110130101000, 0101300110, 505
1011001000 0100 pod 0051
1'1im 1000010, 1 0500110
00 01301015 00110 00 510

011 00000 00001101ος0
10000 mo& 00030 50500010000 510
00 00010010 001010 wega,

490

tom ih tegm, 01100 10000.

 

