XI
VII. 188. govor: g0v0r3 VIII. 264. 16661611 16616166 Χ. 273.

2 uzdignnh: 66613665; XI. 563. ue: 66; 640. zora: 66ι·6; XII. 342.

1661661161166; 357.161;161; XIV. 2281661661 16156; 282. 611·
66616161166616468. 66116611 6611661; 616. 1666611 1666661 XV.
202. 6165611 616561; 354. rnku: ruku3 551. Sikor: Sikamtr. 147
6 6666 66166661 661161 66; i: 16; XVII. 207. 1616611 161666 639.
666 uve: sv03 XVIII. 498. 613611 613666 601. 66561 66561 ΧΧ.
19. 6666611665 6616611666 534. 631661 1631661 XXI. 375. 561656
1616 ιι oba 166666, ali 6116 16116116 mjesto: 561616; 668. 61116661
61116661 XXII. 2. stram: 6166665; 14. 161 1 1ιι; 242 1611161. 642.
16561 1656; XXIII. 176. bip: i 511.

I 6 61616566 166666 11661666 16 6. pr. 6616, 66 5616 66 66616

> biti 661666, 66 11656 111616 66116. ’1656 666116] 66 1161616516

3163616 1666 666161 36661616, 51656 561 16656 6116111 3666116166, 51-
1656. Ja 6661 16166 6116616 16 11666166 11616 1616665666 3163616
166661 1616616 666161 6656611656, 61611656, 66111656, 6611165, 6161165,
1661111656, 1166111656, 66611616, 66656611616, 16111656, 66611656 66,
16661165666611656166, 36616611656, 16111656, 6656611616, 6161165666,
56616611616, 566611616, 6611661656, 5116111616. Ali 16116 616166116-
6666 1ι66 1616665661 661616, 6166616, 661656, 61661656, 6661616,
666165 66, 661616, 36666656, 1166656, 66616, 1666656166661616-
5166 1611116116 161161, 66 66 6611616616511 6 1166615666 6656 3666-
66561 66161616611616, 6166616 1 61661616, 1661616 16611616, 1166656
111611656, 661656 1 6661656 (166666 ima i: 666616 20. 584). 066
16111666 16656611616 66111166, 11616 166666 11661666 616666 6 ja:
1611611616 3. 450. 06656 6661651 36661· 16166116 6616316611 rim·-
656361666661 66651156ε 66 661166 1 66 smilion, 6666666 1 rasur-
6166. Samo 566 3163616, 16611 pred 66666656 6661665616 161616
663166 r, j 16166161666 161661 36666656, 1666656 116.

Ja 6661616616 116 6665 1616 11661166 1116, jer 6666166 66 ,
1661166 161166666 1656 366661. 051156 3163616 611611 111 61111, 5611
66 6 11665661 166666 6665161 11661661 6 16 11616166 6661611611
1 61611, 161661 11166] 16566611, 66 61616 5111116666 1 66636.

Ρ6611611116ε 6651661, 1616651661, 651666166116616666161 66511661,
6511666; samo 6 6115661616 6. pr. 666661666-1651666 6666 sam:
1651666.

Zagreb 61166666 661616 1884.

Armin pavie. '

 

