mmm numo.

Ρ1130 6010111ιο 113000 011010 111 dn 60 prem 001100
0013010 006001 106 0000110, 626 010ςο 011001 110010 1 01060.
ἄο006000001301100010 Nu pokli 30 bog 110110, 665
⁸ 10100 61011 od 00310601 (10 000 0010 03010 0113061,
000 113061 11010 63000 0 puk 010 1011 0110110110
00 1100 3060 1060 10001, 630 11100 00000 003100130ᾰί0
0 31011000 0000 13000 01030 1100οο01 0301001110
00 0003 011100 0001003001. 0 000030 1 0 01011061 670
S 00 00600001 11010010 tado 1101 61010 0006 11300100,
011011 1011001 00100 00061, 1 000010 1101 31100060
01100010 100 006 31031060 635 0101000110 01 60 0000
1 0061130111 10030 061. 0010 03010 30 10110011,
Tri 1110101010 06800010 1113001 00 0100 100 31060000, 675
0011111 001103 3106311, 10110 013000 00 0010011
111 hut 30010 0103 00 moro Sred 1010ςο 110301 stane.
01001030 3100101010 640 000001 60010 0306103000
0011 glas 000011, ki mi veli: ti ko 060100 01030 10111000,
03000100 druge 10030 113061, 30 ko 606110 1003 30113001. 680
011 00 od 110 00 01113011, ’101100 0 000 601110 1 00060,
nego 030100 dmg 303 budi. 00110 0 00001 trud i tugu,
.Ιο 00 0001300611, 1000061 645 0100031100 0013001101 0060
63000 106 1113101101100111, 00 01030 10 primam drugu.
0 10010003 006011 001061 Ζο (10111010 10300010030, 685
00000 303 govoriti: 00 00111110 01010 10030
Ka 100, 6300001001 0110 00001130001101100 30,
0031101100 100100 0130030 650 00000 00 prem 01101030.
00301100 01011001 0011101110, 0100100 63000 11011 .
ki 00 10113011 0 011101003οῗ 00 10010100 010 11003060, 690
U 00000 100 01100001 1110 8010010100 3111010,
00060 010 1100 00110110, 1 10000611 000 poglede.
(10 0006 110010 0 11030001 655 Tim 00 drugu 0060 010000
1 u 0110110 radi tebe‘? 30 grem 100301 00600 6000,
11103000 mi jur 6301010 00000010 0101010 01000 695
00001 601110 3110100000, 00610011 00 po 00 00.
lud 0101101101οω 00010 Α11, 00 duda, 00 31011100
1011 1 31010110 111 1109000. 660 00 00310003 10030 00130011 ⁸'2

00 31300010, 111 0100 0061 100 000 000 001100
da 30 01110100 1111100 600 00110110 0 000 01000111 ’100

642 113001] 111061,

 

