5555555 6555555.

ato 55 otae 5555555551
51155151 5511513515 strena 530
555555 551551 355551
113555 5555551 5555555.

U 51555555 tomu 551555
555131 55555 555 555535,
1555515155 553555 1 55555
5513535 15 1155 po 555 55535.

Η51155 mu snijeg 55 55151,
15 555555 55555 5155,

i 5 555 35555 bog 15551
553551 55 po 5555 5155;

5513555 555515, avim 5155555
prava 51155 55555 svoga,
5555551555, 5515555555
55351155 55555 neumrloga.

Τ55 5515555 555 5535115511 545
515151 35555 55555 1515551,
55555 555555 ter 5 5555511
5 nebu 555355 555 555551,

upre 5511535 1555 55535
51555 mora 5 555515,
5555 55555 55 drugo 35
15 morskoga 55115 551515.
’ Na izhod hegov 551351 55555555
555 nepote, 55 5 niem sjaju,

5 551 5551 555351 gora 555
5513551355 555555 515151 551535.

Lice 55555, 1355 55555
puno 5155 5555555555
5515555555 «15555 5555
na 551 5555155 5555553555. 560

8153555 mu 5 55555 1 5 113555
555551 5553555, 11135 5351551,

55551 55113515 355 5551555,
po 5553 5553155551553551.

0515555515 5551513515 1555 565

modu 555555 govorahu,

565

540

550

5⁶2. 551515] 555515,

5511555585 posted gradu
Isukrsta 55 5555115;
5155511, 55 su 553555113555
1 mir 535551 nam 555115, 570
1 55 5553555 55555 5513555
5513515555 55115 55555115.
1115135551 Ρ5555 1 dfatim,
153 555555 5531 pazo,
rad 5153551355 55115155
5555 5551 5555151555.

575

Petar 555 555355111;
Lijepa ti 35 555 515555,
55555 35 5 553 nami biti,
mfflffihmmtw
35555 1551, 55515 mili,
5 55 1555551355 555 5555555,
5155313515 51 5555 5155111
5555555155 155 515555.
055 513551 Ρ5555 roeo,
5 5 5555555 5535513551 eto
fiega i 5555155 5555 5513555
55555 511555 55155 5513515,

585

55 5555511 55 551155
555 se nebo tad 55515551, 590
155555555 55535 (1155
3151555555 553551 555513
5 5 551555 3555515515
515551 55 5555 5553 5355551,
poda 55155 51555 55555 595
1 555 rije& 55 55 teki:
055 35 porod moj lubjeni‚
ki mi ugodi 55155 55535,
5 55511 3555515551,

551 51555315 5515555 5535. 600
05 555515 5551 555551

55 55555 51355155 551 355151

5531355555 515155 535551

151555 55 mnoga 55151. ·

 

