00000000 000000 1 00010.

Svi 00 puni 00001110,
0010110 00 001 000001,
0100011010 0010100110,
na 005000 1011 005061.

1 vi ribo, 101100 1 aviri,

530

00 0011000 01ορ0ιο 11005100,
gore, 5011001, 011010, 1 viri, 535
0015001110 501110 ime.

More 1 000010 000 1011100
puna 01000 1 000010
poj ludskoga 0105000110,
111101 000ςο 0100011010.

Κο [0000110 0110 00000,
10 01101 01ος00 00 0001010,
1010 10110 1010115000
bogu 106001 hog 10010101

540

Κο 003000 00111100 545
1501000100 0000 00 01000,
koga 00000 0110 0011100
1003060100 0011 1010001
Κο10 010001 od 011000

219

mm, 0001100, 10100, mci,
1050 50010 1 1011010.
Ιο101, 0ορ06, 010000, 00000,
10010 01000 puni 1000,
0010 od 00110 00030600
prid tobom 00 5010 i 0000.
Ti 00 10111105 od 051010
po 00500101 hodie 010001,
ared aera 1000001 1010 575
10110 00011011 0001001.
Ti sam 0100οἔ 0010801000
0 000100001 0010ορ0101,
0001101 00 10000 (10500100
01000011 001100101. 580
11011000,111000 000 gre 00 maile,
1000101οο 10100101 0061,
prid tobom 10 000 0001000,
110 51, 110100, 110 ima (1061.
1011 0010000 smnogom 00110οοιο
10·Ιο 1000 0051 0010300, 586
1 0 50010000 0000 05100000

570

000 00030100 00000 pameti 550 10001105 00110010 1010 usprognu.

000010, more, i 005000,
1 010060 sva 00 00119111
Κο 000611011 00010 od mora,
0050 001010ιο 10 0001001,
0050 0003010010 010000 555
red i 51110 00010 0010011
1105001110ωο (10 (1010000
00000, 010000, 00110010 01100,
111010, 1001010, dubiem, travam
00010 00101 plodne i 11100. 560
Tobom, 5010, 000 500000,
11 01060100 0001001001,
10500050, 1050 01000
vodo, 1010 00 00 005001.

’1050 010101, 1050 051001, 565

Ιο10 00000 00 000 10010
0001 0000000 11101 0000001, 590
(1015 05010 10010 0 5010
pn'dobije 01100 010001.

0300101051 00010 0010
0110 00010010 1050 001001,
(10 00 agn, (10 00 prle,
ko 10 051001 015 natavi.

On po 100101 zapovijedi
00 0000010 11010 11010

595

jur ni malo 00 00011001

1051 verna tri (1101010, 600

11 1010011100 (008060,
1010 10301101 010( 00 (1050,
0 000010 0000 30τοὁο

· 1050 (000011 0011 0010, 0100100 pec'i pripijevahu.

541. 1ο] 100. 545. ko] ho. 551110] 100.

 

