228 55555555 555555 ι 6555555.

65556561 553 6553565, Parti. 61561, 11155111,
6515551555ιί 51555 1615511 11555656, 11513551,
55555555 niodo, 555 moti, 555, 555, Siti, 555
55 553515 im 16555 6511. 65351 81551 1 1115551551,

115 15155 5655511555 515651 1151551 1 (115555,

656555 15615 55656556 1 5515655355 65156155,
65655 55655 5 153 56555 5556 1515651356 5555635555
1 5515535555 55511 56511. 660 1 5555651356 5515553155, 600

155 616 555551 5553553555 55116155 65155515555
551511 5515515 15615 55115, 35655 5561 615 5355535,

155 51535155 65155515555 55511 u 35511 5553 65511555
655 5115155 555565 6115. 35651355 55113555 5115655 6535.

Β5113515655 56535615 666 655155555516561561555606
555 35 6565 jur 5116555, 6565 55 1 551 isti 5 5561,

i 5 5116 5555 5556115 1 516 6555 5553555555
5 55513555 5515115 1515 5555. 65515 6535 15515 56 5561,

Jur 655 515565 51566356 1561 155155 6555 5 5561135
5516565651 55 6555 gradu, 610 55515561 156515 1115, 610
65 151155 55555 55561 1 65 umrlo 51565 61135
1 5515165111355655635115ἐ 555 eff ffi··ffl⁰ffl⁰’·30

me 5ιιι 55555 3 5 ιιι 5553 um 55
mod 5 5561 1515 1635, u 5565515 1515 65555,
65 16 15555 55556 55511 616 1 5115535 5515556555 616
u 5553 35511 55555135. 56 6151551356 5555555555.

Β3565 61551 651 6551111, Sa 151115 355 55 61515
15531 56 run ime 65555, 56165555 515555 55515,

5 mnogom 5155555 ke 655116 355 6565655 5555615511
5515565515 5665 515555. 680 555551535 51556 56 5513515. 620

6556 65551555 55565 55515 15 116 5555 5555565555
6565613565 toga 5561 bog 35 digno 155555 561515,

15 5551151356 515555 5513515ι 113555 551355 156515 55563553555
55 1565535555 muoz 651561, 51561 5 5561 551511 55515,

551555 55155 515555 55535 686 111 5 555653 65115 55561 626
Jerusalem 1135511565 ’ 56 555511 55 56556565,

55556 56355155 1 ιι 65535 155 56 51556 551356 15551561
56 553135561356 63565 35565. 55 551156 55 55165565,

Tu 6115 6561 5655151 5551 mione 556 5156565
51356 5565515 5556356535, 690 63656555 5556 5155535, 630
5555551 55 551356 355151 51 55 6535 15115 56 55565,

5 6553561 616 5156535. 51 55 5555116551 6516,

 

