194

000110 01 00 0010 10011, 45
10001010, 00 001010,

· 05100010 0110110] 00011011
10010 0010 00001100 1010.

2001, 10 00 000100 00010 primi,
110 00 050000 01101100 50
00100 00 10010 1101,

1 110 10 karo 1'1ih krivine:

1000011 nam, 110 0101 0010,
100100 111010 0100011,
smiri u 10100 00101010, 55
00000000 nam 1010010011.

0110101 0000 000001 groba
10 10 100000010011,
ki sagradih 01000 1050,

000101, 10 imam i 10000111. 60
Ρο01110 011011 000 ο100011ε

Κο1110511 0010 01100,

10 vam mogu 001 001011,

1010 0000110, 111010 11001

Vi bogovi od 101100, 65

00101001 010 0000 moga,

10 sam 10100 000 001100,

00 00 0010011 0000010000.

. Ι meni 10 blagos mila,

i znam 00111101111101 110 10, 70
000011051 010101 0110,

1 001010 001010 10010.

Κο10 0101101 10000 muku
00 100001 mu 1010001011
001001000 0000010010, 75
komu 10100100 0010 10111

Κο1 010110 grad 00011,

00110 100 ga 01000110,

’ 1,10 0001001110 00011,
00001010 100 mu 10110. 80
11010, 010001 10001 000001
110 00 00010 00001010110,
00 00000101 brijeg 100001

001 1001110 Κο1000110.

rmum nvmn 1 muno·

100 10οο0 mire bijelo 00
gradu 101011 0011001000,
100 0 0000 010100 0010
radi smrfi 0001100 000ςο

Jur 00 0501000015111011
0011001000οἰ 001010,
01110 0010100 00101011
0000010 00 0110010 0010.

Na goti 00 01110 11000
0001001101 10101011,
1100101001 01011οι0
brijog 0500101 010 00011.

Er propotu 10 tolosa
00 0000100 51000 dana,

11 000 010001 00000
0001100010 0100010 010000, 100

00 0000151 00100οἰ10
0 1011011 110001 51010 gori
10110 10 gradu 00001 5010110
1 010001 ih 00 10101 gori.

Tu 100 101000, 1100151001 105
00 0101100100 00010 01010,

90

95

1011010000 1000010οἰ

010010 00011οι 00000111010,
1 1000011 0101 0011011,
10 11 000 001 1011 5010, 110
1010 10010101010011,
i 0 111000 1000101 0010100 trudo.
Ρο001 10101 00 01011000,
10 00 005100 mru sami,
pribijaju 1111011000
0011011110ωο 1001010001,
1000 01101, 10 00 001011,
0 101001100101101 01511010,
10 001000οῐ0 10100 1011
001000 11 0100010.
Nu 501110ςο 00001 0100,
10101000 10 10 0010,
0010010 00 11101 001100,
1 010100 ga grdit 00 10,

115

120

 

