mmm fluo.

1101001110 0101000110 145 1010111050011111010 101110
0101110 11110110 10000010 10 101100 glas 1110110111.
01101111 010100 10101111 0111110, 1111000111 510 0101011 10110 185
11001111 00 05101010. 110101 1010111 1111111011,

Tim, da 0101011 bog ostano, 111101, ki 0111051110110,
1101110 0111100010 01010, 150 01011 01111010 1010101011;
11110111 10011011110010 0110110 nu 101000 on 1001011

¹ 1101100101111101011101ος 1011 u mene 110 11110110, 190

1 01111 hini 00 10011111, 01101111 mu 011 11011 111011
10 00 01110 101101 1001011, 1 010 11010 1001101000.
01110111 1111110111] 10 11111010, 155 Samnom 011111 001010,
11010 01050110 1011110 gori3 10011 1001011110 1101000,
1011 101110 10010 111011 10 00110101 1011010 195

; 10110οἰ10 100101 utana, u 0100110 ga 01001000.

ki od 01111 51010 01110 0511011 Κο11 111001, 110 100 moga,
u 11101 nabin 1001110110. 160 ko 51010101101110 5110 51,
Ρο1 110011 11010111 11001111 100101 101110 101 on moga
100 0011110010110 0110, 100 0101 11101 01011010 511 200

5 0 0501110100 1110111010 suzim 11011 unuci 01110111 1011110110
01011001110 110 podiva. 10 0 10110100 11010 1110,

0105111 0111011011 50011001000 110 00 0 1100110111 0100101111
1101 0 1010010111οἰ 111010, 166 gos 105001101111110.
11 100101111ηο10 01000, 01011110,1011011 111010 205
101101 01110 11000101 011101ος 0011110110 00 011110 0111οὁ0,

001 1011110 01110 050110 1 11111011 pola i gore
0110 111010 110110 11010111, 110 01011010 1101110111 1101 11101000,
101110 1101110 1 0111010110 0101111105 1100111, 110 01011010

² kijeh 1001101110 1011111010. 10100110 sam 1101110110, 210

, 0010 01 010101 oholi 00 100 10111 dana 01010
= 001101 0105101111 1110 00, ponovimo ki god dio.

11051100101010111 stoli, 175 11000, 101 pun 1111101 1110,

11 010 01 utana 11010 1000. 1 100010 110101 1100,
ss Iu 110 11010 01010 0100110 1111001110 010101110 215
1010111110 0 1011110111 0010111, 1010 1110101 0101110 1100.

J 010 111011 1110100 1 01110000 10 1101011105 1010 usti,

1 01050111110111 11111110101110 180 010 111101 1101111111,
11110 11010 ime 0101110 1010 1011010010111011 pasti,
² 01 ’1010101110 1110111; 10 51 01101100 111111 0111111. 220

101. puk] pah.

 

