104

51511555 555 055355,
53 55 prosi, 150 0555155,
3, 55 505155315115 0355,
55515105 p0m1'1u 3155515.

S 35555315 35311515 55135515
515555 03555, 155355 15315,

1555, 3 5351351 0533 15135515, 535
3 1153535 3155150 51151;

55 515115 133515, 5535

50115 551115 55135 55513,

530

. 15055515 11505 35015555 35,

3 555 055355 ima 1155133513. 540

(13535515 155 1315 350353,

55 35 553153 stara 551555,
555555535 051, 55 0353
555 1551553 50 5515555

1150355155 515 351 5151555 545
50 155555 3155, pabo
115515 50 35351 55550555,

311335 5535 55 055355 mem

ipo 3505553 51 555553
55 35 50 5153 Davidem, 550
35115 Ι55515 555 5153 pravi
5 31153 55 35535 5555.

Δ 33553555 515355 13515
11535, 51535 553355 5153555,
55 555 53515 555 3515,

311335 3151505 ka 53 03555,

55 555 555 55 5555355,
lto 35 05535555 5501555535,
553 po 1505 po veliku
5133503 555055 115 55035535, 560

55 555 551515 1150515055,
5113553555 3155150 51555
55555 51535 0151115 535055
550555 55 151155 0555.

Κο 05513555 ’550 53035555, 565
555 5335011535 55535535 1505

555

mum mmmmm

515555 033515 mi 0553355155
5 5355555 533515 535505,

prid ponosne 55335115 51515
05 35 553553 3135515155, 570
3 555555 5515 51515
ispuniti 133551 5505155.

1511513 5555515 533515 05535
35155355 155355 0553,
5035135535 da 55 55535
15355515 51535 3135 ρο51553;

55 351 55 15 53 011555
55155515555 parodica,

53513 50 03555155 51555 3551555
350 [5353513355 5533511 5153355, 580

553 05 1503 5155155315
3 55355535 35555135535
353150 350551 5505 50 55315,

50 31155535 3505315535.

555 ³

15555 55 555 513511, 505
5535015155 03515 15155,
153 31535353 155οό3513
5551533515 050 5 53505155.

111515 5 055515 55555 515513
prid 5151115 51555 31555, 590
55 5515 53515 5 51553551 15513

Ι1505553155 555 55311555.

Templa 5 511553 5551355553
55 155515 53511 55513,
po 5515053 555555155553
5555530355 5550 3513513.
111505 53555 55 551131555
53515 530351 555 11535,
53155555 515503355 05 ga 355133555,
05 35 05515, da 51515 ga. 600
Ζ15155 5 5515 150 3113155115
515 3551305 553 5533555,
553515 polit 51535 351555
bogu 51515 5555513555.

595

529. 555355] 5553555. 519. 5555551] 5155551.

 

