11111111 nvmu 1 1111111. 223

1111111111, 111111, 11111, 165 8111111 11 1111111 111111, 205
’ 1111111 (1111111 viru, 11111111 111 1111111, ’
11111 1111111111, 11111 111111 1111111 straba 111111 duni
1111111111 vali 1111111. 111111111111111111111.
81111111 (1111111111 imenu Γ111111111111111111111,
1111111111111111,1 111111111 110 11 prolio 1 1111111111, 210
11 11111 11 1111 1111111 optati 11 11111 11111111
11111111111111111111111, 111111 1111111111 111 111111.
111 1 lijepoj 111 promjeni 111 11 11111 111 11111111,
1111111111 s'tobom 11111, u 11111111 11 111111
11111 11 11111 1111111 115 bime 11111 111111111111, 215
1 3111111111 1111111 · 1 1111111111111 1111,
Sa mnom i 111, 1 111111 1 1111111111 bitae 11111
ti 1111, 11111, moia 11111, 31111111111111111111,

. 11 11 11111 moia 111111, nego 11111111 11111 1111,

1 1111111 meni 111111. 180 11111111111111111111. 220
I 11 samo dobrijem, 1111 Nu 11111111111111, 1111

prvoga 111 hudo 1111 11 Α1111111111111111

11 1111111111 11111 11111 111 111111 111111 11111

tamne u 1111 11111111, 11 111111 111111 111111,
111111111 11111 rane 185 111111111111 111111, 225

1111 1111111111 11111, 3111111111 111 11111111,

1 1 1111111 11111111 111111 11 111111111111111111

111111 1111 111 1111111; 11111111] 11 111111111111,
neg 11111111 1111111 1111111111, 11111111 11, 1111111 svoga

11111 1 1111111 11111111, 190 1111111111 1111111111, 230

1 1 1111111111 11111111 pricijem 11111 1111111111 boga

111111 11 11111 11111 amhn, 1 11111111111111 1 1 111111.
111111 11111111 arcem budu Vidi} 11111111 moru

111 zagrlit vjeru 11111, 111 111111111111 doli 111111,

&initi 11, 11111111 105 1 111111 1113111, 235

1 malo 11111 111111 11111. 11 11 11111111 Brgat zvana?
Toliko 11 111311 111 Ne do 1111 1111 1111

trud i 11111 11111 1111111, 1111111 11 1111 gradi

kom 11 111 111111 11111111 grad lijepoga 0111111111,

11 111111 11111 11111. 200 1111111111 1111 111111. 240
01111, 111 1111111111 811111 111111 1111111111

111 111 11 11111 111 11 11111 11 111111 11 111111

111111 11111 1111111111, 111111 11 1 hem i 1111111111

1 111 (11 11 111 1111111111. 1 111111 (satim 1111 1111111.

 

